x=187.87770814138
y=166.81792987945332
w=127.90587329161548
h=78.45292024979524
