x=5.530397759497984
y=0.9386488482478526
w=544.1269230979595
h=794.8992277989424
