x=205.02009803921567
y=332.0633971291866
w=92.0145756740196
h=146.98564593301433
